S 50000.0 5000.0 ./data/music/halloween.wav ./data/textures/backgrounds/level3.jpg


W 3000.0 100.0 0.0 -400.0
W 60.0 27.0 -100.0 -250.0
W 60.0 27.0 -300.0 -300.0
W 60.0 27.0 -400.0 -350.0
W 400.0 27.0 250.0 -200.0
W 300.0 27.0 1300.0 -200.0

W 500.0 100.0 -500.0 500.0
W 300.0 27.0 600.0 -20.0


P 70.0 70.0 -500.0 0.0 700.0 10.0 4.0 7.0 0 0 0 1
P 350.0 27.0 -500 600.0 1200.0 -170.0 4.0 7.0 243 134 48 0
P 27.0 100.0 -500 800.0 -500.0 -200.0 5.0 12.0 255 255 255 0

# P 60.0 25.0 -350.0 500.0 -360.0 70.50 4.0 10.0 155 89 182 0

T 0.0 0.0 ./data/textures/moon.png 1